0 4999
1 0
2 0
3 10
4 13
5 18
6 23
7 24
8 24
9 33
10 42
11 45
12 57
13 70
14 75
15 79
16 80
17 81
18 89
19 90
20 91
21 92
22 98
23 124
24 128
25 129
26 130
27 132
28 132
29 137
30 138
31 155
32 178
33 179
34 185
35 186
36 188
37 193
38 195
39 198
40 200
41 206
42 216
43 220
44 224
45 225
46 233
47 238
48 238
49 239
50 239
51 241
52 242
53 244
54 248
55 252
56 252
57 253
58 273
59 274
60 275
61 277
62 284
63 287
64 296
65 297
66 300
67 314
68 315
69 326
70 326
71 329
72 332
73 356
74 357
75 360
76 360
77 367
78 368
79 371
80 379
81 383
82 384
83 389
84 391
85 399
86 401
87 403
88 403
89 407
90 408
91 409
92 411
93 411
94 411
95 412
96 416
97 423
98 426
99 426
100 436
101 449
102 453
103 464
104 470
105 474
106 478
107 481
108 487
109 487
110 492
111 516
112 517
113 518
114 522
115 532
116 541
117 546
118 556
119 563
120 565
121 565
122 577
123 581
124 583
125 594
126 597
127 600
128 601
129 616
130 618
131 619
132 620
133 621
134 631
135 644
136 644
137 646
138 649
139 651
140 653
141 654
142 657
143 660
144 660
145 675
146 678
147 681
148 689
149 691
150 694
151 698
152 704
153 704
154 706
155 707
156 707
157 709
158 709
159 720
160 722
161 724
162 733
163 745
164 752
165 763
166 773
167 777
168 778
169 785
170 789
171 794
172 798
173 801
174 820
175 825
176 829
177 830
178 854
179 855
180 855
181 868
182 885
183 889
184 890
185 904
186 916
187 916
188 919
189 921
190 928
191 928
192 931
193 942
194 945
195 946
196 969
197 972
198 979
199 982
200 985
201 990
202 992
203 996
204 998
205 1001
206 1002
207 1007
208 1024
209 1025
210 1035
211 1049
212 1054
213 1055
214 1057
215 1060
216 1083
217 1084
218 1085
219 1093
220 1093
221 1100
222 1106
223 1109
224 1125
225 1128
226 1136
227 1140
228 1148
229 1149
230 1151
231 1155
232 1157
233 1161
234 1164
235 1168
236 1171
237 1172
238 1183
239 1184
240 1186
241 1192
242 1202
243 1203
244 1203
245 1204
246 1222
247 1234
248 1236
249 1238
250 1241
251 1242
252 1244
253 1247
254 1251
255 1253
256 1267
257 1274
258 1278
259 1285
260 1290
261 1290
262 1296
263 1306
264 1315
265 1319
266 1321
267 1321
268 1321
269 1326
270 1336
271 1340
272 1352
273 1353
274 1356
275 1360
276 1365
277 1371
278 1378
279 1385
280 1386
281 1387
282 1394
283 1394
284 1411
285 1418
286 1418
287 1428
288 1443
289 1445
290 1451
291 1458
292 1473
293 1481
294 1485
295 1487
296 1493
297 1494
298 1512
299 1519
300 1526
301 1536
302 1538
303 1539
304 1542
305 1543
306 1544
307 1545
308 1551
309 1554
310 1557
311 1558
312 1559
313 1562
314 1571
315 1571
316 1575
317 1578
318 1583
319 1585
320 1587
321 1597
322 1604
323 1605
324 1608
325 1612
326 1614
327 1615
328 1615
329 1616
330 1616
331 1621
332 1621
333 1623
334 1627
335 1634
336 1641
337 1642
338 1647
339 1654
340 1655
341 1655
342 1665
343 1672
344 1675
345 1676
346 1677
347 1677
348 1682
349 1693
350 1694
351 1704
352 1719
353 1723
354 1727
355 1727
356 1728
357 1731
358 1733
359 1734
360 1735
361 1738
362 1742
363 1746
364 1750
365 1754
366 1768
367 1772
368 1777
369 1786
370 1788
371 1792
372 1803
373 1803
374 1809
375 1817
376 1828
377 1828
378 1831
379 1835
380 1838
381 1839
382 1840
383 1848
384 1855
385 1857
386 1860
387 1862
388 1865
389 1865
390 1874
391 1879
392 1886
393 1888
394 1891
395 1892
396 1895
397 1899
398 1903
399 1916
400 1921
401 1923
402 1930
403 1931
404 1933
405 1940
406 1958
407 1961
408 1964
409 1967
410 1968
411 1980
412 1991
413 1993
414 1994
415 1997
416 1997
417 1998
418 2000
419 2033
420 2037
421 2037
422 2039
423 2040
424 2042
425 2047
426 2051
427 2054
428 2054
429 2062
430 2064
431 2067
432 2070
433 2082
434 2082
435 2086
436 2089
437 2089
438 2106
439 2107
440 2107
441 2124
442 2124
443 2131
444 2135
445 2136
446 2144
447 2164
448 2165
449 2166
450 2166
451 2173
452 2177
453 2180
454 2208
455 2208
456 2215
457 2224
458 2227
459 2240
460 2243
461 2255
462 2270
463 2283
464 2295
465 2302
466 2304
467 2320
468 2323
469 2325
470 2332
471 2334
472 2338
473 2346
474 2349
475 2349
476 2352
477 2352
478 2353
479 2354
480 2354
481 2354
482 2369
483 2370
484 2370
485 2375
486 2380
487 2382
488 2383
489 2391
490 2392
491 2396
492 2396
493 2398
494 2401
495 2401
496 2417
497 2418
498 2423
499 2432
500 2437
501 2437
502 2440
503 2464
504 2469
505 2471
506 2481
507 2481
508 2483
509 2485
510 2498
511 2508
512 2513
513 2514
514 2519
515 2524
516 2529
517 2532
518 2563
519 2571
520 2579
521 2580
522 2587
523 2597
524 2611
525 2615
526 2617
527 2621
528 2623
529 2628
530 2628
531 2631
532 2635
533 2643
534 2646
535 2655
536 2671
537 2672
538 2675
539 2686
540 2693
541 2706
542 2709
543 2709
544 2709
545 2719
546 2719
547 2723
548 2729
549 2729
550 2732
551 2739
552 2741
553 2744
554 2744
555 2748
556 2748
557 2753
558 2777
559 2780
560 2791
561 2794
562 2812
563 2817
564 2821
565 2825
566 2830
567 2837
568 2855
569 2871
570 2877
571 2881
572 2881
573 2894
574 2902
575 2920
576 2925
577 2931
578 2936
579 2941
580 2942
581 2944
582 2948
583 2949
584 2953
585 2963
586 2966
587 2981
588 2990
589 2993
590 2996
591 3004
592 3006
593 3008
594 3011
595 3012
596 3013
597 3018
598 3018
599 3030
600 3035
601 3040
602 3041
603 3053
604 3060
605 3061
606 3067
607 3069
608 3074
609 3076
610 3080
611 3084
612 3086
613 3090
614 3098
615 3106
616 3106
617 3111
618 3114
619 3117
620 3120
621 3126
622 3126
623 3133
624 3134
625 3139
626 3140
627 3145
628 3145
629 3147
630 3156
631 3161
632 3165
633 3172
634 3173
635 3173
636 3177
637 3177
638 3177
639 3179
640 3182
641 3196
642 3199
643 3204
644 3213
645 3214
646 3216
647 3218
648 3221
649 3222
650 3233
651 3234
652 3236
653 3252
654 3257
655 3263
656 3265
657 3265
658 3268
659 3270
660 3291
661 3295
662 3302
663 3302
664 3330
665 3334
666 3336
667 3343
668 3346
669 3367
670 3369
671 3371
672 3371
673 3372
674 3377
675 3384
676 3387
677 3387
678 3394
679 3399
680 3399
681 3405
682 3409
683 3413
684 3415
685 3419
686 3421
687 3423
688 3424
689 3443
690 3447
691 3453
692 3467
693 3479
694 3491
695 3491
696 3492
697 3496
698 3501
699 3505
700 3506
701 3509
702 3510
703 3521
704 3521
705 3523
706 3531
707 3536
708 3537
709 3537
710 3541
711 3544
712 3549
713 3550
714 3552
715 3552
716 3554
717 3554
718 3563
719 3564
720 3576
721 3577
722 3580
723 3581
724 3590
725 3592
726 3592
727 3598
728 3609
729 3609
730 3611
731 3613
732 3616
733 3628
734 3633
735 3638
736 3641
737 3646
738 3650
739 3650
740 3657
741 3667
742 3670
743 3675
744 3679
745 3681
746 3682
747 3682
748 3687
749 3690
750 3706
751 3714
752 3721
753 3727
754 3732
755 3739
756 3748
757 3750
758 3756
759 3761
760 3762
761 3776
762 3776
763 3777
764 3779
765 3780
766 3785
767 3794
768 3814
769 3814
770 3817
771 3818
772 3825
773 3830
774 3830
775 3837
776 3839
777 3848
778 3860
779 3865
780 3870
781 3873
782 3873
783 3873
784 3886
785 3888
786 3890
787 3896
788 3899
789 3899
790 3909
791 3925
792 3929
793 3938
794 3938
795 3943
796 3943
797 3946
798 3949
799 3958
800 3961
801 3961
802 3965
803 3966
804 3990
805 4014
806 4025
807 4032
808 4038
809 4040
810 4040
811 4044
812 4049
813 4055
814 4056
815 4068
816 4074
817 4074
818 4082
819 4083
820 4083
821 4083
822 4084
823 4092
824 4093
825 4100
826 4101
827 4105
828 4112
829 4123
830 4129
831 4139
832 4144
833 4152
834 4162
835 4165
836 4167
837 4169
838 4173
839 4175
840 4181
841 4186
842 4193
843 4195
844 4207
845 4207
846 4208
847 4211
848 4220
849 4233
850 4237
851 4240
852 4245
853 4248
854 4248
855 4250
856 4254
857 4255
858 4256
859 4259
860 4260
861 4263
862 4266
863 4270
864 4276
865 4278
866 4282
867 4287
868 4289
869 4295
870 4305
871 4311
872 4317
873 4317
874 4321
875 4342
876 4343
877 4353
878 4353
879 4371
880 4371
881 4372
882 4375
883 4377
884 4382
885 4386
886 4388
887 4391
888 4392
889 4393
890 4394
891 4404
892 4421
893 4423
894 4424
895 4424
896 4428
897 4430
898 4433
899 4435
900 4438
901 4440
902 4453
903 4454
904 4455
905 4465
906 4468
907 4475
908 4480
909 4482
910 4482
911 4488
912 4495
913 4496
914 4499
915 4506
916 4525
917 4537
918 4541
919 4556
920 4571
921 4576
922 4581
923 4589
924 4592
925 4595
926 4602
927 4605
928 4612
929 4629
930 4632
931 4632
932 4638
933 4639
934 4640
935 4643
936 4643
937 4666
938 4667
939 4676
940 4684
941 4690
942 4694
943 4694
944 4697
945 4698
946 4700
947 4706
948 4708
949 4708
950 4709
951 4710
952 4716
953 4719
954 4720
955 4725
956 4728
957 4733
958 4741
959 4747
960 4751
961 4755
962 4758
963 4770
964 4771
965 4787
966 4787
967 4798
968 4804
969 4808
970 4811
971 4815
972 4817
973 4820
974 4838
975 4839
976 4839
977 4840
978 4844
979 4847
980 4856
981 4862
982 4863
983 4876
984 4880
985 4893
986 4896
987 4900
988 4907
989 4917
990 4932
991 4932
992 4933
993 4935
994 4936
995 4940
996 4970
997 4976
998 4977
999 4990
1000 4993
1001 4994
