0 4999
1 128
2 185
3 1879
4 1675
5 474
6 3592
7 1024
8 4480
9 2675
10 4105
11 4112
12 2780
13 3496
14 3126
15 4482
16 945
17 4787
18 2709
19 89
20 4123
21 2107
22 1315
23 4808
24 3776
25 3750
26 3929
27 2173
28 4684
29 698
30 2671
31 409
32 1411
33 4977
34 3814
35 2164
36 4144
37 4811
38 2354
39 3214
40 1886
41 4496
42 4488
43 3041
44 4525
45 1838
46 763
47 1621
48 3552
49 3943
50 357
51 252
52 1148
53 1895
54 829
55 216
56 1899
57 709
58 3196
59 1025
60 4698
61 1184
62 789
63 3675
64 704
65 2812
66 4844
67 3399
68 1536
69 2748
70 3069
71 3609
72 2040
73 546
74 481
75 2571
76 563
77 4101
78 2396
79 1192
80 620
81 3387
82 1754
83 1418
84 3421
85 3943
86 2332
87 4424
88 1998
89 1612
90 2709
91 1202
92 1777
93 4139
94 4970
95 4495
96 2334
97 241
98 1106
99 2514
100 3491
101 4093
102 4506
103 2936
104 4254
105 992
106 1916
107 2469
108 854
109 3598
110 2352
111 1168
112 3646
113 660
114 1387
115 1084
116 2180
117 2723
118 1136
119 3616
120 3177
121 644
122 2037
123 3888
124 3865
125 619
126 239
127 453
128 2902
129 1817
130 1512
131 4804
132 616
133 2981
134 4056
135 3371
136 1888
137 1803
138 3633
139 2033
140 4629
141 1360
142 1352
143 4278
144 942
145 1253
146 4289
147 4040
148 2401
149 426
150 4482
151 3727
152 1356
153 4932
154 4595
155 332
156 946
157 2706
158 4083
159 3886
160 200
161 660
162 2215
163 92
164 24
165 733
166 4343
167 4074
168 3958
169 195
170 2089
171 1694
172 2089
173 2748
174 2579
175 4162
176 3172
177 2524
178 1571
179 3447
180 3334
181 1340
182 4840
183 4375
184 3111
185 709
186 1575
187 4612
188 1204
189 3501
190 2615
191 3040
192 1604
193 3369
194 982
195 4876
196 2563
197 2996
198 1615
199 653
200 1831
201 4719
202 3748
203 4716
204 1634
205 1378
206 3377
207 1980
208 4424
209 1473
210 4353
211 297
212 193
213 4706
214 541
215 4391
216 2369
217 1614
218 2481
219 3641
220 1558
221 2135
222 2177
223 916
224 4074
225 2881
226 1125
227 4643
228 2817
229 1443
230 2353
231 2396
232 1997
233 1336
234 3384
235 3890
236 4240
237 1353
238 3554
239 2037
240 601
241 277
242 371
243 3415
244 4700
245 4092
246 678
247 4592
248 3179
249 928
250 130
251 4932
252 969
253 3221
254 2739
255 4195
256 2993
257 75
258 3732
259 3785
260 1874
261 3234
262 4428
263 3343
264 3830
265 3413
266 1855
267 3682
268 4083
269 3873
270 4311
271 1155
272 3265
273 752
274 2370
275 4455
276 4541
277 1321
278 2437
279 1704
280 4709
281 2107
282 649
283 3291
284 1597
285 706
286 1733
287 1539
288 3330
289 4936
290 972
291 3990
292 2325
293 4856
294 3177
295 1750
296 3523
297 1727
298 24
299 315
300 1306
301 91
302 1543
303 4839
304 1326
305 1585
306 4173
307 675
308 1677
309 3706
310 3233
311 2208
312 1247
313 478
314 2942
315 2432
316 2106
317 1788
318 1285
319 3061
320 2941
321 391
322 556
323 314
324 2732
325 517
326 326
327 1786
328 691
329 1693
330 3140
331 1149
332 326
333 2719
334 3074
335 42
336 1049
337 3873
338 2380
339 4393
340 1803
341 654
342 178
343 4032
344 4433
345 1545
346 1994
347 2825
348 4896
349 1923
350 4917
351 3090
352 4266
353 1242
354 3509
355 2877
356 389
357 3218
358 70
359 137
360 2304
361 600
362 921
363 3609
364 2064
365 492
366 889
367 3467
368 3818
369 1655
370 2440
371 3531
372 4353
373 1526
374 1241
375 4321
376 3794
377 2686
378 1100
379 1616
380 3870
381 360
382 3613
383 2401
384 401
385 4694
386 4165
387 4632
388 1865
389 2519
390 2990
391 4404
392 2144
393 3679
394 4169
395 2949
396 3405
397 403
398 4435
399 2729
400 1672
401 3076
402 2039
403 1608
404 4725
405 10
406 2925
407 1665
408 3443
409 3682
410 3564
411 4940
412 4438
413 1835
414 4747
415 985
416 4025
417 2597
418 4639
419 4129
420 2464
421 2931
422 2136
423 1940
424 188
425 3035
426 2532
427 2794
428 2744
429 3236
430 2320
431 2966
432 1236
433 919
434 3252
435 2208
436 360
437 2513
438 2054
439 1641
440 916
441 1728
442 1538
443 2837
444 206
445 411
446 3161
447 820
448 707
449 4207
450 3120
451 2753
452 689
453 3295
454 2483
455 1007
456 996
457 412
458 129
459 1296
460 4440
461 798
462 80
463 225
464 1487
465 3145
466 3156
467 1746
468 4666
469 4771
470 3453
471 1274
472 565
473 885
474 2719
475 411
476 4055
477 3409
478 2855
479 329
480 3367
481 651
482 3346
483 4720
484 2621
485 707
486 399
487 2391
488 4248
489 2729
490 464
491 2744
492 2124
493 2617
494 2948
495 4770
496 4287
497 2354
498 4377
499 2240
500 4787
501 778
502 3873
503 1267
504 1862
505 2628
506 3114
507 597
508 368
509 868
510 4755
511 1616
512 581
513 1002
514 132
515 4847
516 4237
517 1054
518 2485
519 18
520 4208
521 3779
522 4817
523 4256
524 3165
525 3086
526 3084
527 3848
528 4388
529 785
530 618
531 3537
532 4371
533 2243
534 1458
535 2611
536 2166
537 1371
538 4276
539 1933
540 4499
541 2693
542 2255
543 4305
544 2741
545 1203
546 3302
547 3012
548 1319
549 2944
550 1731
551 3106
552 3563
553 2529
554 13
555 3018
556 3667
557 4317
558 4038
559 1157
560 1128
561 855
562 3896
563 1085
564 801
565 745
566 4049
567 1676
568 1727
569 98
570 532
571 3018
572 3302
573 3739
574 2370
575 1164
576 3126
577 1839
578 3761
579 4697
580 3387
581 2082
582 3060
583 4014
584 2354
585 4820
586 3419
587 4044
588 1238
589 1677
590 1828
591 1840
592 3961
593 4083
594 1234
595 2628
596 198
597 577
598 4181
599 4581
600 4839
601 275
602 594
603 3053
604 4602
605 423
606 2349
607 2481
608 138
609 3670
610 724
611 3213
612 931
613 1892
614 1621
615 2086
616 2437
617 3899
618 1251
619 720
620 4453
621 4863
622 2165
623 794
624 233
625 2166
626 4040
627 2047
628 186
629 2062
630 3550
631 4430
632 1991
633 1931
634 2646
635 4068
636 3263
637 2417
638 830
639 2224
640 2295
641 1559
642 1719
643 2471
644 3173
645 4589
646 3424
647 3650
648 1860
649 2655
650 4733
651 1493
652 3394
653 1290
654 4386
655 3825
656 4638
657 4207
658 426
659 516
660 4893
661 1542
662 3549
663 239
664 487
665 3581
666 3721
667 928
668 2349
669 416
670 1151
671 3577
672 470
673 1083
674 4282
675 3681
676 3611
677 646
678 4708
679 3714
680 487
681 4152
682 3938
683 411
684 4643
685 4935
686 825
687 1494
688 1993
689 1183
690 657
691 2580
692 1647
693 1921
694 4728
695 3008
696 518
697 2302
698 1394
699 1865
700 1428
701 3909
702 3576
703 1172
704 3423
705 1385
706 4798
707 4186
708 4475
709 4862
710 3106
711 4270
712 3837
713 1093
714 3946
715 3817
716 3521
717 3030
718 4676
719 273
720 4465
721 4245
722 4468
723 79
724 4815
725 1057
726 2338
727 2953
728 2398
729 3657
730 1554
731 4640
732 1571
733 2871
734 296
735 4394
736 33
737 90
738 2963
739 1394
740 1734
741 4758
742 1481
743 3222
744 4248
745 287
746 1451
747 4193
748 4084
749 3830
750 2131
751 1386
752 4880
753 1418
754 979
755 990
756 1967
757 3899
758 3552
759 1738
760 1557
761 1772
762 631
763 379
764 2587
765 3839
766 3199
767 3537
768 998
769 3925
770 3479
771 2777
772 2323
773 1109
774 1321
775 3762
776 4710
777 1485
778 2623
779 4082
780 1891
781 1615
782 3004
783 274
784 644
785 3134
786 1551
787 583
788 2709
789 890
790 4708
791 3011
792 244
793 4255
794 3371
795 3580
796 252
797 4372
798 565
799 3650
800 3204
801 4259
802 4900
803 4175
804 220
805 4556
806 1578
807 4994
808 3336
809 1848
810 3013
811 3860
812 704
813 2227
814 1809
815 1055
816 2054
817 0
818 855
819 1964
820 2082
821 3491
822 4605
823 4100
824 4667
825 2283
826 2830
827 3265
828 2382
829 4751
830 3139
831 694
832 356
833 2635
834 1321
835 4260
836 367
837 155
838 3133
839 238
840 2821
841 407
842 3182
843 1735
844 1857
845 3687
846 522
847 2067
848 1222
849 3961
850 179
851 4371
852 4933
853 1961
854 1203
855 4317
856 81
857 4976
858 2070
859 1828
860 4993
861 2352
862 3592
863 3147
864 1278
865 238
866 2383
867 1768
868 1445
869 57
870 3257
871 4263
872 1519
873 3067
874 2000
875 2051
876 1583
877 1654
878 4741
879 3628
880 4220
881 2672
882 284
883 4342
884 1544
885 2042
886 1623
887 4423
888 4632
889 1093
890 3541
891 1723
892 3372
893 2270
894 3756
895 403
896 449
897 124
898 3268
899 1035
900 3638
901 1903
902 4454
903 1587
904 132
905 4211
906 4421
907 3145
908 3690
909 3965
910 300
911 2508
912 3399
913 2894
914 777
915 1244
916 4233
917 3270
918 3216
919 4392
920 3814
921 4571
922 1930
923 3776
924 3777
925 1161
926 2392
927 1605
928 4167
929 1060
930 242
931 1997
932 3098
933 2124
934 621
935 2643
936 3949
937 1792
938 3173
939 23
940 2418
941 2791
942 1655
943 4690
944 4537
945 1562
946 2346
947 45
948 3521
949 1742
950 1958
951 1186
952 3780
953 681
954 3006
955 1642
956 3966
957 1171
958 722
959 4576
960 4382
961 383
962 2881
963 2423
964 248
965 3177
966 3117
967 384
968 1682
969 3938
970 4295
971 4990
972 3510
973 3554
974 3492
975 4838
976 224
977 253
978 2920
979 3544
980 1968
981 3506
982 1290
983 4907
984 2498
985 408
986 3080
987 3505
988 436
989 1001
990 1365
991 3590
992 2631
993 1140
994 3536
995 2375
996 4250
997 773
998 4694
999 904
1000 1627
